-4.50173
-4.55536
-4.6064
-4.65225
-4.69291
-4.72837
-4.75865
-4.78374
-4.80363
-4.81834
-4.82785
-4.83218
-4.83131
-4.82526
-4.81401
-4.79758
-4.77595
-4.74913
-4.71713
-4.67993
-4.63754
-4.58997
-4.5372
-4.47924
-4.41609
-4.34775
-4.27422
-4.1955
-4.11159
-4.02249
-3.9282
-3.82872
-3.72405
-3.61419
-3.49913
-3.37889
-3.25346
-3.12284
-2.98702
-2.84602
-2.69983
-2.54844
-2.39187
-2.2301
-2.06315
-1.891
-1.71367
-1.53114
-1.34343
-1.15052
-0.952422
-0.749135
-0.540657
-0.32699
-0.108131
0.115917
0.345156
0.579585
0.819204
1.06401
1.31401
1.5692
1.82958
2.09516
2.36592
2.64187
2.92301
3.20934
3.50087
3.79758
4.09948
4.40657
4.71886
5.03633
5.359
5.68685
6.0199
6.35813
6.70156
7.05017
7.40398
7.76298
8.12716
8.49654
8.87111
9.25087
9.63581
10.026
10.4213
10.8218
11.2275
11.6384
12.0545
12.4758
12.9022
13.3339
13.7708
14.2128
14.66
15.1125
15.5701
16.0329
16.4983
